1  -1.6252000000E+01  -4.2610000000E+00  -4.2610000000E+00  -4.2610000000E+00  -1.5250000000E+00  -1.5250000000E+00  -1.5250000000E+00  -6.2400000000E-01   4.6290000000E+00   4.6290000000E+00   1.8519000000E+01   1.8519000000E+01   1.8519000000E+01   7.0729000000E+01   7.0729000000E+01   1.0476900000E+02   1.0476900000E+02   1.0476900000E+02
2  -1.6247000000E+01  -4.3430000000E+00  -4.2960000000E+00  -4.2960000000E+00  -1.5400000000E+00  -1.4780000000E+00  -1.4780000000E+00  -5.2100000000E-01   4.5760000000E+00   4.6380000000E+00   1.8511000000E+01   1.8511000000E+01   1.8624000000E+01   7.0113000000E+01   7.0523000000E+01   1.0423100000E+02   1.0462700000E+02   1.0462700000E+02
3  -1.6232000000E+01  -4.5650000000E+00  -4.3930000000E+00  -4.3930000000E+00  -1.5810000000E+00  -1.3410000000E+00  -1.3410000000E+00  -2.3800000000E-01   4.4270000000E+00   4.6640000000E+00   1.8490000000E+01   1.8490000000E+01   1.8934000000E+01   6.8322000000E+01   6.9889000000E+01   1.0275700000E+02   1.0420300000E+02   1.0420400000E+02
4  -1.6206000000E+01  -4.8790000000E+00  -4.5370000000E+00  -4.5370000000E+00  -1.6480000000E+00  -1.1310000000E+00  -1.1310000000E+00   1.6900000000E-01   4.2070000000E+00   4.7070000000E+00   1.8452000000E+01   1.8452000000E+01   1.9434000000E+01   6.5517000000E+01   6.8795000000E+01   1.0069900000E+02   1.0350300000E+02   1.0350300000E+02
5  -1.6169000000E+01  -5.2440000000E+00  -4.7110000000E+00  -4.7110000000E+00  -1.7380000000E+00  -8.6500000000E-01  -8.6500000000E-01   6.3600000000E-01   3.9580000000E+00   4.7690000000E+00   1.8397000000E+01   1.8397000000E+01   2.0102000000E+01   6.1930000000E+01   6.7223000000E+01   9.8470000000E+01   1.0253600000E+02   1.0253600000E+02
6  -1.6118000000E+01  -5.6350000000E+00  -4.9010000000E+00  -4.9010000000E+00  -1.8450000000E+00  -5.5700000000E-01  -5.5700000000E-01   1.0830000000E+00   3.7600000000E+00   4.8480000000E+00   1.8322000000E+01   1.8322000000E+01   2.0917000000E+01   5.7820000000E+01   6.5208000000E+01   9.6386000000E+01   1.0131700000E+02   1.0131700000E+02
7  -1.6052000000E+01  -6.0360000000E+00  -5.0970000000E+00  -5.0970000000E+00  -1.9650000000E+00  -2.1600000000E-01  -2.1600000000E-01   1.3790000000E+00   3.7510000000E+00   4.9470000000E+00   1.8224000000E+01   1.8224000000E+01   2.1862000000E+01   5.3434000000E+01   6.2854000000E+01   9.4590000000E+01   9.9871000000E+01   9.9871000000E+01
8  -1.5971000000E+01  -6.4410000000E+00  -5.2940000000E+00  -5.2940000000E+00  -2.0950000000E+00   1.5100000000E-01   1.5100000000E-01   1.3980000000E+00   4.0660000000E+00   5.0650000000E+00   1.8098000000E+01   1.8098000000E+01   2.2920000000E+01   4.8985000000E+01   6.0300000000E+01   9.3070000000E+01   9.8227000000E+01   9.8228000000E+01
9  -1.5872000000E+01  -6.8430000000E+00  -5.4860000000E+00  -5.4860000000E+00  -2.2290000000E+00   5.4100000000E-01   5.4100000000E-01   1.1800000000E+00   4.6740000000E+00   5.2030000000E+00   1.7939000000E+01   1.7939000000E+01   2.4084000000E+01   4.4637000000E+01   5.7679000000E+01   9.1727000000E+01   9.6427000000E+01   9.6427000000E+01
10  -1.5756000000E+01  -7.2420000000E+00  -5.6710000000E+00  -5.6710000000E+00  -2.3630000000E+00   8.4600000000E-01   9.5000000000E-01   9.5000000000E-01   5.3620000000E+00   5.4650000000E+00   1.7739000000E+01   1.7739000000E+01   2.5347000000E+01   4.0503000000E+01   5.5086000000E+01   9.0439000000E+01   9.4518000000E+01   9.4518000000E+01
11  -1.5622000000E+01  -7.6370000000E+00  -5.8470000000E+00  -5.8470000000E+00  -2.4940000000E+00   4.6800000000E-01   1.3790000000E+00   1.3790000000E+00   5.5450000000E+00   6.3750000000E+00   1.7491000000E+01   1.7491000000E+01   2.6706000000E+01   3.6654000000E+01   5.2571000000E+01   8.9093000000E+01   9.2553000000E+01   9.2553000000E+01
12  -1.5469000000E+01  -8.0260000000E+00  -6.0130000000E+00  -6.0130000000E+00  -2.6180000000E+00   8.1000000000E-02   1.8250000000E+00   1.8250000000E+00   5.7510000000E+00   7.3760000000E+00   1.7189000000E+01   1.7189000000E+01   2.8164000000E+01   3.3126000000E+01   5.0155000000E+01   8.7605000000E+01   9.0587000000E+01   9.0587000000E+01
13  -1.5297000000E+01  -8.4110000000E+00  -6.1660000000E+00  -6.1660000000E+00  -2.7330000000E+00  -3.0000000000E-01   2.2900000000E+00   2.2900000000E+00   5.9830000000E+00   8.4570000000E+00   1.6823000000E+01   1.6823000000E+01   2.9724000000E+01   2.9929000000E+01   4.7833000000E+01   8.5914000000E+01   8.8677000000E+01   8.8677000000E+01
14  -1.5108000000E+01  -8.7910000000E+00  -6.3070000000E+00  -6.3070000000E+00  -2.8360000000E+00  -6.6400000000E-01   2.7740000000E+00   2.7740000000E+00   6.2440000000E+00   9.6140000000E+00   1.6389000000E+01   1.6389000000E+01   2.7057000000E+01   3.1390000000E+01   4.5593000000E+01   8.3984000000E+01   8.6874000000E+01   8.6874000000E+01
15  -1.4900000000E+01  -9.1670000000E+00  -6.4360000000E+00  -6.4360000000E+00  -2.9260000000E+00  -1.0070000000E+00   3.2790000000E+00   3.2790000000E+00   6.5350000000E+00   1.0843000000E+01   1.5883000000E+01   1.5883000000E+01   2.4492000000E+01   3.3170000000E+01   4.3416000000E+01   8.1803000000E+01   8.5221000000E+01   8.5221000000E+01
16  -1.4675000000E+01  -9.5390000000E+00  -6.5510000000E+00  -6.5510000000E+00  -3.0010000000E+00  -1.3250000000E+00   3.8080000000E+00   3.8080000000E+00   6.8590000000E+00   1.2146000000E+01   1.5305000000E+01   1.5305000000E+01   2.2211000000E+01   3.5070000000E+01   4.1285000000E+01   7.9376000000E+01   8.3751000000E+01   8.3751000000E+01
17  -1.4434000000E+01  -9.9080000000E+00  -6.6530000000E+00  -6.6530000000E+00  -3.0590000000E+00  -1.6180000000E+00   4.3620000000E+00   4.3620000000E+00   7.2200000000E+00   1.3522000000E+01   1.4658000000E+01   1.4658000000E+01   2.0189000000E+01   3.7099000000E+01   3.9186000000E+01   7.6724000000E+01   8.2485000000E+01   8.2485000000E+01
18  -1.4177000000E+01  -1.0273000000E+01  -6.7410000000E+00  -6.7410000000E+00  -3.1000000000E+00  -1.8830000000E+00   4.9450000000E+00   4.9450000000E+00   7.6210000000E+00   1.3950000000E+01   1.3950000000E+01   1.4972000000E+01   1.8397000000E+01   3.7110000000E+01   3.9264000000E+01   7.3878000000E+01   8.1429000000E+01   8.1429000000E+01
19  -1.3905000000E+01  -1.0634000000E+01  -6.8160000000E+00  -6.8160000000E+00  -3.1220000000E+00  -2.1220000000E+00   5.5580000000E+00   5.5580000000E+00   8.0690000000E+00   1.3192000000E+01   1.3192000000E+01   1.6495000000E+01   1.6812000000E+01   3.5053000000E+01   4.1569000000E+01   7.0880000000E+01   8.0581000000E+01   8.0581000000E+01
20  -1.3620000000E+01  -1.0991000000E+01  -6.8770000000E+00  -6.8770000000E+00  -3.1240000000E+00  -2.3330000000E+00   6.2040000000E+00   6.2040000000E+00   8.5670000000E+00   1.2397000000E+01   1.2397000000E+01   1.5409000000E+01   1.8090000000E+01   3.3014000000E+01   4.4019000000E+01   6.7775000000E+01   7.9926000000E+01   7.9926000000E+01
21  -1.3322000000E+01  -1.1343000000E+01  -6.9240000000E+00  -6.9240000000E+00  -3.1060000000E+00  -2.5180000000E+00   6.8850000000E+00   6.8850000000E+00   9.1220000000E+00   1.1580000000E+01   1.1580000000E+01   1.4165000000E+01   1.9756000000E+01   3.0997000000E+01   4.6615000000E+01   6.4612000000E+01   7.9447000000E+01   7.9447000000E+01
22  -1.3014000000E+01  -1.1691000000E+01  -6.9580000000E+00  -6.9580000000E+00  -3.0660000000E+00  -2.6770000000E+00   7.6010000000E+00   7.6010000000E+00   9.7420000000E+00   1.0755000000E+01   1.0755000000E+01   1.3062000000E+01   2.1491000000E+01   2.9008000000E+01   4.9351000000E+01   6.1435000000E+01   7.9123000000E+01   7.9123000000E+01
23  -1.2695000000E+01  -1.2032000000E+01  -6.9780000000E+00  -6.9780000000E+00  -3.0040000000E+00  -2.8100000000E+00   8.3500000000E+00   8.3500000000E+00   9.9360000000E+00   9.9360000000E+00   1.0435000000E+01   1.2083000000E+01   2.3289000000E+01   2.7055000000E+01   5.2221000000E+01   5.8288000000E+01   7.8936000000E+01   7.8936000000E+01
24  -1.2368000000E+01  -1.2368000000E+01  -6.9850000000E+00  -6.9850000000E+00  -2.9190000000E+00  -2.9190000000E+00   9.0840000000E+00   9.0840000000E+00   9.1770000000E+00   9.1770000000E+00   1.1212000000E+01   1.1212000000E+01   2.5146000000E+01   2.5146000000E+01   5.5207000000E+01   5.5207000000E+01   7.8876000000E+01   7.8876000000E+01
25  -1.2368000000E+01  -1.2368000000E+01  -6.9850000000E+00  -6.9850000000E+00  -2.9190000000E+00  -2.9190000000E+00   9.0840000000E+00   9.0840000000E+00   9.1770000000E+00   9.1770000000E+00   1.1212000000E+01   1.1212000000E+01   2.5146000000E+01   2.5146000000E+01   5.5207000000E+01   5.5207000000E+01   7.8876000000E+01   7.8876000000E+01
26  -1.2366000000E+01  -1.2366000000E+01  -6.9990000000E+00  -6.9990000000E+00  -2.8830000000E+00  -2.8830000000E+00   8.8250000000E+00   8.8250000000E+00   9.1250000000E+00   9.1250000000E+00   1.1513000000E+01   1.1513000000E+01   2.5236000000E+01   2.5236000000E+01   5.5009000000E+01   5.5009000000E+01   7.8747000000E+01   7.8747000000E+01
27  -1.2363000000E+01  -1.2363000000E+01  -7.0380000000E+00  -7.0380000000E+00  -2.7780000000E+00  -2.7780000000E+00   8.1720000000E+00   8.1720000000E+00   9.1180000000E+00   9.1180000000E+00   1.2143000000E+01   1.2143000000E+01   2.5507000000E+01   2.5507000000E+01   5.4424000000E+01   5.4425000000E+01   7.8370000000E+01   7.8370000000E+01
28  -1.2357000000E+01  -1.2357000000E+01  -7.0980000000E+00  -7.0980000000E+00  -2.6070000000E+00  -2.6070000000E+00   7.4140000000E+00   7.4140000000E+00   9.1120000000E+00   9.1120000000E+00   1.2850000000E+01   1.2850000000E+01   2.5959000000E+01   2.5959000000E+01   5.3484000000E+01   5.3484000000E+01   7.7767000000E+01   7.7767000000E+01
29  -1.2349000000E+01  -1.2349000000E+01  -7.1730000000E+00  -7.1730000000E+00  -2.3770000000E+00  -2.3770000000E+00   6.6320000000E+00   6.6320000000E+00   9.1060000000E+00   9.1060000000E+00   1.3552000000E+01   1.3552000000E+01   2.6592000000E+01   2.6592000000E+01   5.2232000000E+01   5.2232000000E+01   7.6977000000E+01   7.6977000000E+01
30  -1.2340000000E+01  -1.2340000000E+01  -7.2560000000E+00  -7.2560000000E+00  -2.0930000000E+00  -2.0930000000E+00   5.8540000000E+00   5.8540000000E+00   9.0990000000E+00   9.0990000000E+00   1.4214000000E+01   1.4214000000E+01   2.7403000000E+01   2.7403000000E+01   5.0724000000E+01   5.0724000000E+01   7.6050000000E+01   7.6051000000E+01
31  -1.2330000000E+01  -1.2330000000E+01  -7.3390000000E+00  -7.3390000000E+00  -1.7620000000E+00  -1.7620000000E+00   5.0920000000E+00   5.0920000000E+00   9.0910000000E+00   9.0910000000E+00   1.4817000000E+01   1.4817000000E+01   2.8389000000E+01   2.8389000000E+01   4.9018000000E+01   4.9018000000E+01   7.5050000000E+01   7.5050000000E+01
32  -1.2320000000E+01  -1.2320000000E+01  -7.4180000000E+00  -7.4180000000E+00  -1.3880000000E+00  -1.3880000000E+00   4.3520000000E+00   4.3520000000E+00   9.0840000000E+00   9.0840000000E+00   1.5348000000E+01   1.5348000000E+01   2.9541000000E+01   2.9541000000E+01   4.7174000000E+01   4.7174000000E+01   7.4043000000E+01   7.4043000000E+01
33  -1.2311000000E+01  -1.2311000000E+01  -7.4890000000E+00  -7.4890000000E+00  -9.7400000000E-01  -9.7400000000E-01   3.6410000000E+00   3.6410000000E+00   9.0770000000E+00   9.0770000000E+00   1.5798000000E+01   1.5798000000E+01   3.0848000000E+01   3.0848000000E+01   4.5244000000E+01   4.5244000000E+01   7.3099000000E+01   7.3099000000E+01
34  -1.2302000000E+01  -1.2302000000E+01  -7.5470000000E+00  -7.5470000000E+00  -5.2500000000E-01  -5.2500000000E-01   2.9600000000E+00   2.9600000000E+00   9.0720000000E+00   9.0720000000E+00   1.6159000000E+01   1.6159000000E+01   3.2294000000E+01   3.2294000000E+01   4.3280000000E+01   4.3280000000E+01   7.2284000000E+01   7.2284000000E+01
35  -1.2296000000E+01  -1.2296000000E+01  -7.5900000000E+00  -7.5900000000E+00  -4.5000000000E-02  -4.5000000000E-02   2.3150000000E+00   2.3150000000E+00   9.0670000000E+00   9.0670000000E+00   1.6422000000E+01   1.6422000000E+01   3.3860000000E+01   3.3860000000E+01   4.1326000000E+01   4.1326000000E+01   7.1656000000E+01   7.1656000000E+01
36  -1.2292000000E+01  -1.2292000000E+01  -7.6170000000E+00  -7.6170000000E+00   4.5100000000E-01   4.5100000000E-01   1.7190000000E+00   1.7190000000E+00   9.0640000000E+00   9.0640000000E+00   1.6583000000E+01   1.6583000000E+01   3.5501000000E+01   3.5501000000E+01   3.9446000000E+01   3.9446000000E+01   7.1260000000E+01   7.1260000000E+01
37  -1.2291000000E+01  -1.2291000000E+01  -7.6260000000E+00  -7.6260000000E+00   8.0100000000E-01   8.0100000000E-01   1.3360000000E+00   1.3360000000E+00   9.0640000000E+00   9.0640000000E+00   1.6637000000E+01   1.6637000000E+01   3.6731000000E+01   3.6731000000E+01   3.8135000000E+01   3.8135000000E+01   7.1125000000E+01   7.1125000000E+01
38  -1.2291000000E+01  -1.2291000000E+01  -7.6260000000E+00  -7.6260000000E+00   8.0100000000E-01   8.0100000000E-01   1.3360000000E+00   1.3360000000E+00   9.0640000000E+00   9.0640000000E+00   1.6637000000E+01   1.6637000000E+01   3.6731000000E+01   3.6731000000E+01   3.8135000000E+01   3.8135000000E+01   7.1125000000E+01   7.1125000000E+01
39  -1.2417000000E+01  -1.2166000000E+01  -7.6960000000E+00  -7.5400000000E+00   3.7900000000E-01   8.2900000000E-01   1.5470000000E+00   1.5710000000E+00   8.6700000000E+00   9.3740000000E+00   1.6047000000E+01   1.7329000000E+01   3.5053000000E+01   3.6947000000E+01   3.8124000000E+01   3.9571000000E+01   6.9863000000E+01   7.2696000000E+01
40  -1.2529000000E+01  -1.2059000000E+01  -7.7590000000E+00  -7.4280000000E+00  -1.7700000000E-01   7.8400000000E-01   1.8570000000E+00   2.0140000000E+00   8.2430000000E+00   9.5190000000E+00   1.5676000000E+01   1.8038000000E+01   3.3199000000E+01   3.6462000000E+01   3.8423000000E+01   4.1497000000E+01   6.8725000000E+01   7.4692000000E+01
41  -1.2627000000E+01  -1.1970000000E+01  -7.8140000000E+00  -7.2970000000E+00  -7.0300000000E-01   7.2500000000E-01   2.2100000000E+00   2.5000000000E+00   7.7950000000E+00   9.4430000000E+00   1.5578000000E+01   1.8744000000E+01   3.1453000000E+01   3.5813000000E+01   3.8739000000E+01   4.3387000000E+01   6.7719000000E+01   7.6970000000E+01
42  -1.2709000000E+01  -1.1897000000E+01  -7.8610000000E+00  -7.1510000000E+00  -1.1810000000E+00   6.6800000000E-01   2.5860000000E+00   3.0170000000E+00   7.3370000000E+00   9.1460000000E+00   1.5751000000E+01   1.9423000000E+01   2.9853000000E+01   3.5103000000E+01   3.9030000000E+01   4.5145000000E+01   6.6851000000E+01   7.9359000000E+01
43  -1.2777000000E+01  -1.1841000000E+01  -7.9000000000E+00  -6.9990000000E+00  -1.6010000000E+00   6.1800000000E-01   2.9760000000E+00   3.5600000000E+00   6.8780000000E+00   8.6790000000E+00   1.6130000000E+01   2.0051000000E+01   2.8417000000E+01   3.4401000000E+01   3.9280000000E+01   4.6703000000E+01   6.6129000000E+01   8.1674000000E+01
44  -1.2830000000E+01  -1.1799000000E+01  -7.9300000000E+00  -6.8560000000E+00  -1.9520000000E+00   5.7800000000E-01   3.3710000000E+00   4.1240000000E+00   6.4280000000E+00   8.1110000000E+00   1.6617000000E+01   2.0600000000E+01   2.7175000000E+01   3.3766000000E+01   3.9482000000E+01   4.7998000000E+01   6.5559000000E+01   8.3724000000E+01
45  -1.2868000000E+01  -1.1770000000E+01  -7.9520000000E+00  -6.7350000000E+00  -2.2190000000E+00   5.4900000000E-01   3.7540000000E+00   4.6980000000E+00   6.0040000000E+00   7.5040000000E+00   1.7108000000E+01   2.1033000000E+01   2.6178000000E+01   3.3256000000E+01   3.9630000000E+01   4.8973000000E+01   6.5147000000E+01   8.5336000000E+01
46  -1.2890000000E+01  -1.1753000000E+01  -7.9650000000E+00  -6.6520000000E+00  -2.3880000000E+00   5.3100000000E-01   4.0820000000E+00   5.2430000000E+00   5.6510000000E+00   6.9280000000E+00   1.7485000000E+01   2.1314000000E+01   2.5511000000E+01   3.2924000000E+01   3.9720000000E+01   4.9578000000E+01   6.4898000000E+01   8.6367000000E+01
47  -1.2898000000E+01  -1.1748000000E+01  -7.9700000000E+00  -6.6230000000E+00  -2.4460000000E+00   5.2500000000E-01   4.2320000000E+00   5.4930000000E+00   5.5500000000E+00   6.6090000000E+00   1.7628000000E+01   2.1411000000E+01   2.5272000000E+01   3.2808000000E+01   3.9750000000E+01   4.9784000000E+01   6.4814000000E+01   8.6721000000E+01
48  -1.2898000000E+01  -1.1748000000E+01  -7.9700000000E+00  -6.6230000000E+00  -2.4460000000E+00   5.2500000000E-01   4.2320000000E+00   5.4930000000E+00   5.5500000000E+00   6.6090000000E+00   1.7628000000E+01   2.1411000000E+01   2.5272000000E+01   3.2808000000E+01   3.9750000000E+01   4.9784000000E+01   6.4814000000E+01   8.6721000000E+01
49  -1.3048000000E+01  -1.1592000000E+01  -8.0300000000E+00  -6.5340000000E+00  -2.3330000000E+00   1.2430000000E+00   3.7350000000E+00   4.9520000000E+00   5.1610000000E+00   6.1560000000E+00   1.8748000000E+01   2.3228000000E+01   2.4743000000E+01   3.4323000000E+01   3.7034000000E+01   4.8701000000E+01   6.3961000000E+01   8.8749000000E+01
50  -1.3215000000E+01  -1.1419000000E+01  -8.0580000000E+00  -6.4350000000E+00  -2.2100000000E+00   2.0040000000E+00   3.2680000000E+00   4.4480000000E+00   4.7990000000E+00   5.7130000000E+00   1.9901000000E+01   2.4057000000E+01   2.5145000000E+01   3.4317000000E+01   3.5879000000E+01   4.7641000000E+01   6.3761000000E+01   9.1002000000E+01
51  -1.3397000000E+01  -1.1230000000E+01  -8.0530000000E+00  -6.3290000000E+00  -2.0800000000E+00   2.7630000000E+00   2.8300000000E+00   4.0310000000E+00   4.4650000000E+00   5.2900000000E+00   2.1068000000E+01   2.3261000000E+01   2.7149000000E+01   3.1638000000E+01   3.7438000000E+01   4.6665000000E+01   6.4191000000E+01   9.3460000000E+01
52  -1.3592000000E+01  -1.1026000000E+01  -8.0170000000E+00  -6.2140000000E+00  -1.9440000000E+00   2.4190000000E+00   3.1370000000E+00   4.0890000000E+00   4.1600000000E+00   4.8920000000E+00   2.2222000000E+01   2.2398000000E+01   2.9043000000E+01   2.9229000000E+01   3.8916000000E+01   4.5884000000E+01   6.5182000000E+01   9.6093000000E+01
53  -1.3796000000E+01  -1.0806000000E+01  -7.9510000000E+00  -6.0930000000E+00  -1.8060000000E+00   2.0320000000E+00   2.8590000000E+00   3.8860000000E+00   4.5260000000E+00   4.8900000000E+00   2.1492000000E+01   2.3332000000E+01   2.6588000000E+01   3.1369000000E+01   4.0115000000E+01   4.5525000000E+01   6.6650000000E+01   9.8856000000E+01
54  -1.4005000000E+01  -1.0572000000E+01  -7.8590000000E+00  -5.9660000000E+00  -1.6690000000E+00   1.6700000000E+00   2.4830000000E+00   3.6430000000E+00   4.1990000000E+00   5.8820000000E+00   2.0527000000E+01   2.4353000000E+01   2.4360000000E+01   3.3554000000E+01   4.0720000000E+01   4.5936000000E+01   6.8508000000E+01   1.0168500000E+02
55  -1.4216000000E+01  -1.0323000000E+01  -7.7420000000E+00  -5.8340000000E+00  -1.5360000000E+00   1.3300000000E+00   2.1130000000E+00   3.4320000000E+00   3.9130000000E+00   6.9580000000E+00   1.9407000000E+01   2.2471000000E+01   2.5268000000E+01   3.5771000000E+01   4.0715000000E+01   4.7167000000E+01   7.0675000000E+01   1.0450300000E+02
56  -1.4426000000E+01  -1.0061000000E+01  -7.6030000000E+00  -5.6990000000E+00  -1.4120000000E+00   1.0120000000E+00   1.7620000000E+00   3.2540000000E+00   3.6720000000E+00   8.0980000000E+00   1.8003000000E+01   2.1094000000E+01   2.6015000000E+01   3.8008000000E+01   4.0463000000E+01   4.8896000000E+01   7.3079000000E+01   1.0722000000E+02
57  -1.4632000000E+01  -9.7840000000E+00  -7.4430000000E+00  -5.5610000000E+00  -1.3020000000E+00   7.1400000000E-01   1.4340000000E+00   3.1110000000E+00   3.4800000000E+00   9.2890000000E+00   1.6366000000E+01   2.0179000000E+01   2.6570000000E+01   4.0239000000E+01   4.0255000000E+01   5.0896000000E+01   7.5654000000E+01   1.0973700000E+02
58  -1.4832000000E+01  -9.4940000000E+00  -7.2650000000E+00  -5.4230000000E+00  -1.2080000000E+00   4.3700000000E-01   1.1270000000E+00   3.0030000000E+00   3.3370000000E+00   1.0513000000E+01   1.4671000000E+01   1.9547000000E+01   2.6906000000E+01   4.0185000000E+01   4.2508000000E+01   5.3080000000E+01   7.8343000000E+01   1.1195900000E+02
59  -1.5023000000E+01  -9.1910000000E+00  -7.0710000000E+00  -5.2860000000E+00  -1.1360000000E+00   1.8000000000E-01   8.4100000000E-01   2.9330000000E+00   3.2420000000E+00   1.1743000000E+01   1.3024000000E+01   1.9087000000E+01   2.7011000000E+01   4.0394000000E+01   4.4764000000E+01   5.5427000000E+01   8.1091000000E+01   1.1380000000E+02
60  -1.5203000000E+01  -8.8740000000E+00  -6.8620000000E+00  -5.1530000000E+00  -1.0860000000E+00  -5.9000000000E-02   5.7400000000E-01   2.9010000000E+00   3.1910000000E+00   1.1468000000E+01   1.2945000000E+01   1.8746000000E+01   2.6883000000E+01   4.0941000000E+01   4.7022000000E+01   5.7939000000E+01   8.3847000000E+01   1.1518900000E+02
61  -1.5371000000E+01  -8.5430000000E+00  -6.6400000000E+00  -5.0250000000E+00  -1.0590000000E+00  -2.7800000000E-01   3.2500000000E-01   2.9080000000E+00   3.1760000000E+00   1.0017000000E+01   1.4079000000E+01   1.8497000000E+01   2.6537000000E+01   4.1893000000E+01   4.9283000000E+01   6.0638000000E+01   8.6566000000E+01   1.1608200000E+02
62  -1.5524000000E+01  -8.1980000000E+00  -6.4080000000E+00  -4.9030000000E+00  -1.0520000000E+00  -4.7900000000E-01   9.2000000000E-02   2.9540000000E+00   3.1830000000E+00   8.6810000000E+00   1.5104000000E+01   1.8325000000E+01   2.5996000000E+01   4.3305000000E+01   5.1547000000E+01   6.3558000000E+01   8.9203000000E+01   1.1646400000E+02
63  -1.5664000000E+01  -7.8390000000E+00  -6.1670000000E+00  -4.7900000000E+00  -1.0620000000E+00  -6.6200000000E-01  -1.2700000000E-01   3.0390000000E+00   3.1940000000E+00   7.4680000000E+00   1.5988000000E+01   1.8217000000E+01   2.5296000000E+01   4.5207000000E+01   5.3813000000E+01   6.6739000000E+01   9.1719000000E+01   1.1634500000E+02
64  -1.5787000000E+01  -7.4650000000E+00  -5.9200000000E+00  -4.6870000000E+00  -1.0850000000E+00  -8.2700000000E-01  -3.3300000000E-01   3.1620000000E+00   3.1710000000E+00   6.4000000000E+00   1.6715000000E+01   1.8163000000E+01   2.4475000000E+01   4.7598000000E+01   5.6076000000E+01   7.0228000000E+01   9.4078000000E+01   1.1576400000E+02
65  -1.5895000000E+01  -7.0770000000E+00  -5.6700000000E+00  -4.5940000000E+00  -1.1170000000E+00  -9.7400000000E-01  -5.2800000000E-01   3.0490000000E+00   3.3180000000E+00   5.5310000000E+00   1.7284000000E+01   1.8153000000E+01   2.3578000000E+01   5.0432000000E+01   5.8326000000E+01   7.4068000000E+01   9.6249000000E+01   1.1478000000E+02
66  -1.5987000000E+01  -6.6750000000E+00  -5.4200000000E+00  -4.5130000000E+00  -1.1550000000E+00  -1.1040000000E+00  -7.1300000000E-01   2.7300000000E+00   3.5040000000E+00   4.9480000000E+00   1.7709000000E+01   1.8178000000E+01   2.2649000000E+01   5.3619000000E+01   6.0546000000E+01   7.8285000000E+01   9.8205000000E+01   1.1347300000E+02
67  -1.6063000000E+01  -6.2610000000E+00  -5.1750000000E+00  -4.4440000000E+00  -1.2160000000E+00  -1.1970000000E+00  -8.8700000000E-01   2.1880000000E+00   3.7100000000E+00   4.6660000000E+00   1.8014000000E+01   1.8227000000E+01   2.1729000000E+01   5.7021000000E+01   6.2706000000E+01   8.2863000000E+01   9.9926000000E+01   1.1193600000E+02
68  -1.6125000000E+01  -5.8390000000E+00  -4.9410000000E+00  -4.3870000000E+00  -1.3110000000E+00  -1.2400000000E+00  -1.0500000000E+00   1.5310000000E+00   3.9270000000E+00   4.5730000000E+00   1.8222000000E+01   1.8290000000E+01   2.0860000000E+01   6.0461000000E+01   6.4763000000E+01   8.7714000000E+01   1.0139700000E+02   1.1028000000E+02
69  -1.6173000000E+01  -5.4160000000E+00  -4.7260000000E+00  -4.3410000000E+00  -1.3880000000E+00  -1.2870000000E+00  -1.2000000000E+00   8.6800000000E-01   4.1410000000E+00   4.5630000000E+00   1.8358000000E+01   1.8358000000E+01   2.0081000000E+01   6.3724000000E+01   6.6656000000E+01   9.2639000000E+01   1.0260800000E+02   1.0862400000E+02
70  -1.6209000000E+01  -5.0060000000E+00  -4.5380000000E+00  -4.3060000000E+00  -1.4480000000E+00  -1.3400000000E+00  -1.3300000000E+00   2.6800000000E-01   4.3350000000E+00   4.5810000000E+00   1.8422000000E+01   1.8441000000E+01   1.9427000000E+01   6.6584000000E+01   6.8303000000E+01   9.7293000000E+01   1.0355300000E+02   1.0710600000E+02
71  -1.6233000000E+01  -4.6390000000E+00  -4.3900000000E+00  -4.2810000000E+00  -1.4910000000E+00  -1.4340000000E+00  -1.4070000000E+00  -2.1500000000E-01   4.4910000000E+00   4.6050000000E+00   1.8473000000E+01   1.8488000000E+01   1.8933000000E+01   6.8817000000E+01   6.9600000000E+01   1.0120200000E+02   1.0422800000E+02   1.0586900000E+02
72  -1.6247000000E+01  -4.3660000000E+00  -4.2950000000E+00  -4.2660000000E+00  -1.5170000000E+00  -1.5020000000E+00  -1.4850000000E+00  -5.2200000000E-01   4.5930000000E+00   4.6230000000E+00   1.8507000000E+01   1.8512000000E+01   1.8624000000E+01   7.0240000000E+01   7.0438000000E+01   1.0383600000E+02   1.0463400000E+02   1.0505400000E+02
73  -1.6252000000E+01  -4.2610000000E+00  -4.2610000000E+00  -4.2610000000E+00  -1.5250000000E+00  -1.5250000000E+00  -1.5250000000E+00  -6.2400000000E-01   4.6290000000E+00   4.6290000000E+00   1.8519000000E+01   1.8519000000E+01   1.8519000000E+01   7.0729000000E+01   7.0729000000E+01   1.0476900000E+02   1.0476900000E+02   1.0476900000E+02
74  -1.6252000000E+01  -4.2610000000E+00  -4.2610000000E+00  -4.2610000000E+00  -1.5250000000E+00  -1.5250000000E+00  -1.5250000000E+00  -6.2400000000E-01   4.6290000000E+00   4.6290000000E+00   1.8519000000E+01   1.8519000000E+01   1.8519000000E+01   7.0729000000E+01   7.0729000000E+01   1.0476900000E+02   1.0476900000E+02   1.0476900000E+02
75  -1.6247000000E+01  -4.3790000000E+00  -4.2760000000E+00  -4.2760000000E+00  -1.5040000000E+00  -1.5040000000E+00  -1.4950000000E+00  -5.1700000000E-01   4.6070000000E+00   4.6070000000E+00   1.8467000000E+01   1.8589000000E+01   1.8589000000E+01   7.0324000000E+01   7.0324000000E+01   1.0365200000E+02   1.0492000000E+02   1.0492000000E+02
76  -1.6232000000E+01  -4.6850000000E+00  -4.3190000000E+00  -4.3190000000E+00  -1.4610000000E+00  -1.4400000000E+00  -1.4400000000E+00  -1.8700000000E-01   4.5450000000E+00   4.5450000000E+00   1.8316000000E+01   1.8795000000E+01   1.8795000000E+01   6.9157000000E+01   6.9157000000E+01   1.0050100000E+02   1.0533900000E+02   1.0533900000E+02
77  -1.6207000000E+01  -5.0920000000E+00  -4.3860000000E+00  -4.3860000000E+00  -1.4750000000E+00  -1.3410000000E+00  -1.3410000000E+00   3.3600000000E-01   4.4500000000E+00   4.4500000000E+00   1.8070000000E+01   1.9121000000E+01   1.9121000000E+01   6.7359000000E+01   6.7359000000E+01   9.5827000000E+01   1.0594300000E+02   1.0594300000E+02
78  -1.6170000000E+01  -5.5450000000E+00  -4.4710000000E+00  -4.4710000000E+00  -1.5310000000E+00  -1.2140000000E+00  -1.2140000000E+00   9.9100000000E-01   4.3350000000E+00   4.3350000000E+00   1.7740000000E+01   1.9539000000E+01   1.9539000000E+01   6.5107000000E+01   6.5107000000E+01   9.0254000000E+01   1.0663000000E+02   1.0663100000E+02
79  -1.6119000000E+01  -6.0110000000E+00  -4.5670000000E+00  -4.5670000000E+00  -1.6160000000E+00  -1.0680000000E+00  -1.0680000000E+00   1.7380000000E+00   4.2150000000E+00   4.2150000000E+00   1.7340000000E+01   2.0012000000E+01   2.0012000000E+01   6.2590000000E+01   6.2590000000E+01   8.4340000000E+01   1.0730700000E+02   1.0730700000E+02
80  -1.6055000000E+01  -6.4770000000E+00  -4.6710000000E+00  -4.6710000000E+00  -1.7210000000E+00  -9.1300000000E-01  -9.1300000000E-01   2.5570000000E+00   4.1070000000E+00   4.1070000000E+00   1.6888000000E+01   2.0491000000E+01   2.0491000000E+01   5.9997000000E+01   5.9997000000E+01   7.8477000000E+01   1.0789900000E+02   1.0789900000E+02
81  -1.5975000000E+01  -6.9350000000E+00  -4.7770000000E+00  -4.7770000000E+00  -1.8370000000E+00  -7.5900000000E-01  -7.5900000000E-01   3.4360000000E+00   4.0270000000E+00   4.0270000000E+00   1.6405000000E+01   2.0917000000E+01   2.0917000000E+01   5.7505000000E+01   5.7505000000E+01   7.2892000000E+01   1.0835100000E+02   1.0835100000E+02
82  -1.5879000000E+01  -7.3810000000E+00  -4.8820000000E+00  -4.8820000000E+00  -1.9590000000E+00  -6.1500000000E-01  -6.1500000000E-01   3.9900000000E+00   3.9900000000E+00   4.3670000000E+00   1.5914000000E+01   2.1216000000E+01   2.1216000000E+01   5.5283000000E+01   5.5283000000E+01   6.7682000000E+01   1.0862700000E+02   1.0862700000E+02
83  -1.5768000000E+01  -7.8130000000E+00  -4.9850000000E+00  -4.9850000000E+00  -2.0840000000E+00  -4.9100000000E-01  -4.9100000000E-01   4.0120000000E+00   4.0120000000E+00   5.3430000000E+00   1.5443000000E+01   2.1313000000E+01   2.1313000000E+01   5.3479000000E+01   5.3479000000E+01   6.2861000000E+01   1.0870300000E+02   1.0870300000E+02
84  -1.5641000000E+01  -8.2300000000E+00  -5.0820000000E+00  -5.0820000000E+00  -2.2060000000E+00  -3.9300000000E-01  -3.9300000000E-01   4.1040000000E+00   4.1040000000E+00   6.3490000000E+00   1.5027000000E+01   2.1144000000E+01   2.1144000000E+01   5.2208000000E+01   5.2208000000E+01   5.8402000000E+01   1.0856600000E+02   1.0856600000E+02
85  -1.5499000000E+01  -8.6310000000E+00  -5.1730000000E+00  -5.1730000000E+00  -2.3240000000E+00  -3.2400000000E-01  -3.2400000000E-01   4.2730000000E+00   4.2730000000E+00   7.3580000000E+00   1.4708000000E+01   2.0673000000E+01   2.0673000000E+01   5.1531000000E+01   5.1531000000E+01   5.4263000000E+01   1.0821500000E+02   1.0821500000E+02
86  -1.5345000000E+01  -9.0130000000E+00  -5.2560000000E+00  -5.2560000000E+00  -2.4340000000E+00  -2.8500000000E-01  -2.8500000000E-01   4.5230000000E+00   4.5230000000E+00   8.3200000000E+00   1.4555000000E+01   1.9915000000E+01   1.9915000000E+01   5.0404000000E+01   5.1443000000E+01   5.1443000000E+01   1.0766000000E+02   1.0766000000E+02
87  -1.5181000000E+01  -9.3760000000E+00  -5.3310000000E+00  -5.3310000000E+00  -2.5340000000E+00  -2.7000000000E-01  -2.7000000000E-01   4.8510000000E+00   4.8510000000E+00   9.1480000000E+00   1.4664000000E+01   1.8926000000E+01   1.8926000000E+01   4.6789000000E+01   5.1869000000E+01   5.1869000000E+01   1.0692300000E+02   1.0692300000E+02
88  -1.5011000000E+01  -9.7160000000E+00  -5.3970000000E+00  -5.3970000000E+00  -2.6240000000E+00  -2.7400000000E-01  -2.7400000000E-01   5.2520000000E+00   5.2520000000E+00   9.7420000000E+00   1.5146000000E+01   1.7786000000E+01   1.7786000000E+01   4.3396000000E+01   5.2693000000E+01   5.2693000000E+01   1.0604000000E+02   1.0604000000E+02
89  -1.4841000000E+01  -1.0028000000E+01  -5.4530000000E+00  -5.4530000000E+00  -2.7020000000E+00  -2.8900000000E-01  -2.8900000000E-01   5.7190000000E+00   5.7190000000E+00   1.0069000000E+01   1.6036000000E+01   1.6580000000E+01   1.6580000000E+01   4.0216000000E+01   5.3772000000E+01   5.3772000000E+01   1.0506600000E+02   1.0506600000E+02
90  -1.4677000000E+01  -1.0306000000E+01  -5.4990000000E+00  -5.4990000000E+00  -2.7660000000E+00  -3.0900000000E-01  -3.0900000000E-01   6.2390000000E+00   6.2390000000E+00   1.0195000000E+01   1.5382000000E+01   1.5382000000E+01   1.7261000000E+01   3.7254000000E+01   5.4957000000E+01   5.4957000000E+01   1.0407000000E+02   1.0407000000E+02
91  -1.4529000000E+01  -1.0542000000E+01  -5.5360000000E+00  -5.5360000000E+00  -2.8170000000E+00  -3.3000000000E-01  -3.3000000000E-01   6.7900000000E+00   6.7900000000E+00   1.0214000000E+01   1.4263000000E+01   1.4263000000E+01   1.8697000000E+01   3.4538000000E+01   5.6095000000E+01   5.6095000000E+01   1.0314200000E+02   1.0314200000E+02
92  -1.4409000000E+01  -1.0724000000E+01  -5.5620000000E+00  -5.5620000000E+00  -2.8530000000E+00  -3.4700000000E-01  -3.4700000000E-01   7.3290000000E+00   7.3290000000E+00   1.0194000000E+01   1.3299000000E+01   1.3299000000E+01   2.0203000000E+01   3.2149000000E+01   5.7041000000E+01   5.7041000000E+01   1.0237800000E+02   1.0237800000E+02
93  -1.4331000000E+01  -1.0840000000E+01  -5.5770000000E+00  -5.5770000000E+00  -2.8750000000E+00  -3.5800000000E-01  -3.5800000000E-01   7.7640000000E+00   7.7640000000E+00   1.0170000000E+01   1.2601000000E+01   1.2601000000E+01   2.1522000000E+01   3.0310000000E+01   5.7669000000E+01   5.7669000000E+01   1.0187200000E+02   1.0187200000E+02
94  -1.4303000000E+01  -1.0880000000E+01  -5.5830000000E+00  -5.5830000000E+00  -2.8820000000E+00  -3.6200000000E-01  -3.6200000000E-01   7.9410000000E+00   7.9410000000E+00   1.0161000000E+01   1.2336000000E+01   1.2336000000E+01   2.2111000000E+01   2.9549000000E+01   5.7889000000E+01   5.7889000000E+01   1.0169500000E+02   1.0169500000E+02
95  -1.4303000000E+01  -1.0880000000E+01  -5.5830000000E+00  -5.5830000000E+00  -2.8820000000E+00  -3.6200000000E-01  -3.6200000000E-01   7.9410000000E+00   7.9410000000E+00   1.0161000000E+01   1.2336000000E+01   1.2336000000E+01   2.2111000000E+01   2.9549000000E+01   5.7889000000E+01   5.7889000000E+01   1.0169500000E+02   1.0169500000E+02
96  -1.4296000000E+01  -1.0880000000E+01  -5.6440000000E+00  -5.5940000000E+00  -2.8130000000E+00  -3.6700000000E-01  -3.3500000000E-01   7.8410000000E+00   7.8980000000E+00   1.0014000000E+01   1.2402000000E+01   1.2597000000E+01   2.2192000000E+01   2.9634000000E+01   5.7507000000E+01   5.7756000000E+01   1.0121400000E+02   1.0159300000E+02
97  -1.4274000000E+01  -1.0881000000E+01  -5.8110000000E+00  -5.6260000000E+00  -2.6270000000E+00  -3.7700000000E-01  -2.5400000000E-01   7.5460000000E+00   7.7760000000E+00   9.7300000000E+00   1.2592000000E+01   1.3223000000E+01   2.2435000000E+01   2.9885000000E+01   5.6386000000E+01   5.7365000000E+01   9.9803000000E+01   1.0129000000E+02
98  -1.4238000000E+01  -1.0883000000E+01  -6.0450000000E+00  -5.6770000000E+00  -2.3740000000E+00  -3.7700000000E-01  -1.2200000000E-01   7.0850000000E+00   7.5950000000E+00   9.4610000000E+00   1.2887000000E+01   1.4031000000E+01   2.2836000000E+01   3.0298000000E+01   5.4595000000E+01   5.6735000000E+01   9.7556000000E+01   1.0078800000E+02
99  -1.4188000000E+01  -1.0887000000E+01  -6.3130000000E+00  -5.7440000000E+00  -2.1110000000E+00  -3.3300000000E-01   5.9000000000E-02   6.5170000000E+00   7.3740000000E+00   9.2260000000E+00   1.3264000000E+01   1.4947000000E+01   2.3392000000E+01   3.0861000000E+01   5.2238000000E+01   5.5898000000E+01   9.4616000000E+01   1.0009500000E+02
100  -1.4123000000E+01  -1.0897000000E+01  -6.5920000000E+00  -5.8230000000E+00  -1.9010000000E+00  -1.9800000000E-01   2.8600000000E-01   5.8990000000E+00   7.1320000000E+00   9.0020000000E+00   1.3702000000E+01   1.5943000000E+01   2.4095000000E+01   3.1560000000E+01   4.9440000000E+01   5.4894000000E+01   9.1155000000E+01   9.9224000000E+01
101  -1.4043000000E+01  -1.0914000000E+01  -6.8670000000E+00  -5.9100000000E+00  -1.7900000000E+00   6.8000000000E-02   5.5500000000E-01   5.2650000000E+00   6.8830000000E+00   8.7680000000E+00   1.4186000000E+01   1.7005000000E+01   2.4939000000E+01   3.2375000000E+01   4.6334000000E+01   5.3773000000E+01   8.7362000000E+01   9.8195000000E+01
102  -1.3950000000E+01  -1.0942000000E+01  -7.1270000000E+00  -6.0020000000E+00  -1.7770000000E+00   4.6300000000E-01   8.6300000000E-01   4.6370000000E+00   6.6350000000E+00   8.5170000000E+00   1.4700000000E+01   1.8116000000E+01   2.5918000000E+01   3.3275000000E+01   4.3049000000E+01   5.2591000000E+01   8.3421000000E+01   9.7034000000E+01
103  -1.3843000000E+01  -1.0985000000E+01  -7.3630000000E+00  -6.0960000000E+00  -1.8270000000E+00   9.5400000000E-01   1.2070000000E+00   4.0290000000E+00   6.3960000000E+00   8.2470000000E+00   1.5234000000E+01   1.9257000000E+01   2.7032000000E+01   3.4214000000E+01   3.9701000000E+01   5.1416000000E+01   7.9504000000E+01   9.5772000000E+01
104  -1.3722000000E+01  -1.1046000000E+01  -7.5670000000E+00  -6.1880000000E+00  -1.9110000000E+00   1.5130000000E+00   1.5870000000E+00   3.4480000000E+00   6.1690000000E+00   7.9630000000E+00   1.5775000000E+01   2.0396000000E+01   2.8283000000E+01   3.5121000000E+01   3.6390000000E+01   5.0331000000E+01   7.5768000000E+01   9.4440000000E+01
105  -1.3590000000E+01  -1.1129000000E+01  -7.7350000000E+00  -6.2780000000E+00  -2.0090000000E+00   1.9990000000E+00   2.1040000000E+00   2.9170000000E+00   5.9590000000E+00   7.6690000000E+00   1.6313000000E+01   2.1500000000E+01   2.9666000000E+01   3.3196000000E+01   3.5898000000E+01   4.9442000000E+01   7.2352000000E+01   9.3071000000E+01
106  -1.3447000000E+01  -1.1235000000E+01  -7.8620000000E+00  -6.3620000000E+00  -2.1110000000E+00   2.2700000000E+00   2.4420000000E+00   2.8860000000E+00   5.7710000000E+00   7.3720000000E+00   1.6831000000E+01   2.2530000000E+01   3.0184000000E+01   3.1149000000E+01   3.6434000000E+01   4.8868000000E+01   6.9391000000E+01   9.1699000000E+01
107  -1.3297000000E+01  -1.1361000000E+01  -7.9470000000E+00  -6.4400000000E+00  -2.2100000000E+00   1.8170000000E+00   2.9100000000E+00   3.5420000000E+00   5.6100000000E+00   7.0800000000E+00   1.7306000000E+01   2.3456000000E+01   2.7406000000E+01   3.2596000000E+01   3.6722000000E+01   4.8688000000E+01   6.7020000000E+01   9.0351000000E+01
108  -1.3146000000E+01  -1.1500000000E+01  -7.9910000000E+00  -6.5100000000E+00  -2.3000000000E+00   1.3580000000E+00   3.3930000000E+00   4.2590000000E+00   5.4900000000E+00   6.8090000000E+00   1.7695000000E+01   2.4250000000E+01   2.4920000000E+01   3.3569000000E+01   3.7133000000E+01   4.8866000000E+01   6.5386000000E+01   8.9057000000E+01
109  -1.3005000000E+01  -1.1638000000E+01  -7.9970000000E+00  -6.5710000000E+00  -2.3790000000E+00   9.2600000000E-01   3.8600000000E+00   4.9660000000E+00   5.4430000000E+00   6.5960000000E+00   1.7890000000E+01   2.2837000000E+01   2.4877000000E+01   3.3519000000E+01   3.8244000000E+01   4.9263000000E+01   6.4627000000E+01   8.7839000000E+01
110  -1.2898000000E+01  -1.1748000000E+01  -7.9700000000E+00  -6.6230000000E+00  -2.4460000000E+00   5.2500000000E-01   4.2320000000E+00   5.4930000000E+00   5.5500000000E+00   6.6090000000E+00   1.7628000000E+01   2.1411000000E+01   2.5272000000E+01   3.2808000000E+01   3.9750000000E+01   4.9784000000E+01   6.4814000000E+01   8.6721000000E+01
111  -1.2898000000E+01  -1.1748000000E+01  -7.9700000000E+00  -6.6230000000E+00  -2.4460000000E+00   5.2500000000E-01   4.2320000000E+00   5.4930000000E+00   5.5500000000E+00   6.6090000000E+00   1.7628000000E+01   2.1411000000E+01   2.5272000000E+01   3.2808000000E+01   3.9750000000E+01   4.9784000000E+01   6.4814000000E+01   8.6721000000E+01
112  -1.2890000000E+01  -1.1753000000E+01  -7.9650000000E+00  -6.6520000000E+00  -2.3880000000E+00   5.3100000000E-01   4.0820000000E+00   5.2430000000E+00   5.6510000000E+00   6.9280000000E+00   1.7485000000E+01   2.1314000000E+01   2.5511000000E+01   3.2924000000E+01   3.9720000000E+01   4.9578000000E+01   6.4898000000E+01   8.6367000000E+01
113  -1.2868000000E+01  -1.1770000000E+01  -7.9520000000E+00  -6.7350000000E+00  -2.2190000000E+00   5.4900000000E-01   3.7540000000E+00   4.6980000000E+00   6.0040000000E+00   7.5040000000E+00   1.7108000000E+01   2.1033000000E+01   2.6178000000E+01   3.3256000000E+01   3.9630000000E+01   4.8973000000E+01   6.5147000000E+01   8.5336000000E+01
114  -1.2830000000E+01  -1.1799000000E+01  -7.9300000000E+00  -6.8560000000E+00  -1.9520000000E+00   5.7800000000E-01   3.3710000000E+00   4.1240000000E+00   6.4280000000E+00   8.1110000000E+00   1.6617000000E+01   2.0600000000E+01   2.7175000000E+01   3.3766000000E+01   3.9482000000E+01   4.7998000000E+01   6.5559000000E+01   8.3724000000E+01
115  -1.2777000000E+01  -1.1841000000E+01  -7.9000000000E+00  -6.9990000000E+00  -1.6010000000E+00   6.1800000000E-01   2.9760000000E+00   3.5600000000E+00   6.8780000000E+00   8.6790000000E+00   1.6130000000E+01   2.0051000000E+01   2.8417000000E+01   3.4401000000E+01   3.9280000000E+01   4.6703000000E+01   6.6129000000E+01   8.1674000000E+01
116  -1.2709000000E+01  -1.1897000000E+01  -7.8610000000E+00  -7.1510000000E+00  -1.1810000000E+00   6.6800000000E-01   2.5860000000E+00   3.0170000000E+00   7.3370000000E+00   9.1460000000E+00   1.5751000000E+01   1.9423000000E+01   2.9853000000E+01   3.5103000000E+01   3.9030000000E+01   4.5145000000E+01   6.6851000000E+01   7.9359000000E+01
117  -1.2627000000E+01  -1.1970000000E+01  -7.8140000000E+00  -7.2970000000E+00  -7.0300000000E-01   7.2500000000E-01   2.2100000000E+00   2.5000000000E+00   7.7950000000E+00   9.4430000000E+00   1.5578000000E+01   1.8744000000E+01   3.1453000000E+01   3.5813000000E+01   3.8739000000E+01   4.3387000000E+01   6.7719000000E+01   7.6970000000E+01
118  -1.2529000000E+01  -1.2059000000E+01  -7.7590000000E+00  -7.4280000000E+00  -1.7700000000E-01   7.8400000000E-01   1.8570000000E+00   2.0140000000E+00   8.2430000000E+00   9.5190000000E+00   1.5676000000E+01   1.8038000000E+01   3.3199000000E+01   3.6462000000E+01   3.8423000000E+01   4.1497000000E+01   6.8725000000E+01   7.4692000000E+01
119  -1.2417000000E+01  -1.2166000000E+01  -7.6960000000E+00  -7.5400000000E+00   3.7900000000E-01   8.2900000000E-01   1.5470000000E+00   1.5710000000E+00   8.6700000000E+00   9.3740000000E+00   1.6047000000E+01   1.7329000000E+01   3.5053000000E+01   3.6947000000E+01   3.8124000000E+01   3.9571000000E+01   6.9863000000E+01   7.2696000000E+01
120  -1.2291000000E+01  -1.2291000000E+01  -7.6260000000E+00  -7.6260000000E+00   8.0100000000E-01   8.0100000000E-01   1.3360000000E+00   1.3360000000E+00   9.0640000000E+00   9.0640000000E+00   1.6637000000E+01   1.6637000000E+01   3.6731000000E+01   3.6731000000E+01   3.8135000000E+01   3.8135000000E+01   7.1125000000E+01   7.1125000000E+01
121  -1.2291000000E+01  -1.2291000000E+01  -7.6260000000E+00  -7.6260000000E+00   8.0100000000E-01   8.0100000000E-01   1.3360000000E+00   1.3360000000E+00   9.0640000000E+00   9.0640000000E+00   1.6637000000E+01   1.6637000000E+01   3.6731000000E+01   3.6731000000E+01   3.8135000000E+01   3.8135000000E+01   7.1125000000E+01   7.1125000000E+01
122  -1.2491000000E+01  -1.2092000000E+01  -7.7250000000E+00  -7.5070000000E+00   6.0900000000E-01   7.9400000000E-01   1.3210000000E+00   1.5990000000E+00   8.4270000000E+00   9.5330000000E+00   1.5780000000E+01   1.7810000000E+01   3.5014000000E+01   3.7109000000E+01   3.8416000000E+01   3.8953000000E+01   6.9393000000E+01   7.3307000000E+01
123  -1.2688000000E+01  -1.1897000000E+01  -7.8010000000E+00  -7.3720000000E+00   4.0000000000E-01   5.7200000000E-01   1.5670000000E+00   1.9290000000E+00   7.6570000000E+00   9.8380000000E+00   1.5191000000E+01   1.9302000000E+01   3.3278000000E+01   3.5946000000E+01   3.9488000000E+01   4.0063000000E+01   6.8252000000E+01   7.5807000000E+01
124  -1.2880000000E+01  -1.1712000000E+01  -7.8480000000E+00  -7.2250000000E+00   2.0800000000E-01   3.2000000000E-01   1.8900000000E+00   2.2900000000E+00   6.8070000000E+00   1.0008000000E+01   1.4801000000E+01   2.1070000000E+01   3.1564000000E+01   3.4695000000E+01   3.9677000000E+01   4.1674000000E+01   6.7820000000E+01   7.8503000000E+01
125  -1.3065000000E+01  -1.1539000000E+01  -7.8630000000E+00  -7.0680000000E+00   4.0000000000E-02   7.3000000000E-02   2.2530000000E+00   2.6770000000E+00   5.9290000000E+00   1.0078000000E+01   1.4543000000E+01   2.2991000000E+01   2.9986000000E+01   3.3398000000E+01   3.9499000000E+01   4.3257000000E+01   6.8167000000E+01   8.1294000000E+01
126  -1.3241000000E+01  -1.1384000000E+01  -7.8410000000E+00  -6.9040000000E+00  -1.6400000000E-01  -1.0300000000E-01   2.6490000000E+00   3.0900000000E+00   5.0600000000E+00   1.0077000000E+01   1.4364000000E+01   2.4583000000E+01   2.9014000000E+01   3.2083000000E+01   3.8998000000E+01   4.4816000000E+01   6.9293000000E+01   8.4089000000E+01
127  -1.3406000000E+01  -1.1251000000E+01  -7.7780000000E+00  -6.7380000000E+00  -3.9000000000E-01  -2.2100000000E-01   3.0760000000E+00   3.5270000000E+00   4.2250000000E+00   1.0028000000E+01   1.4229000000E+01   2.4561000000E+01   2.9903000000E+01   3.0774000000E+01   3.8283000000E+01   4.6355000000E+01   7.1135000000E+01   8.6814000000E+01
128  -1.3559000000E+01  -1.1141000000E+01  -7.6730000000E+00  -6.5720000000E+00  -6.0900000000E-01  -3.1400000000E-01   3.4020000000E+00   3.5640000000E+00   3.9870000000E+00   9.9460000000E+00   1.4111000000E+01   2.3314000000E+01   2.9494000000E+01   3.2137000000E+01   3.7568000000E+01   4.7875000000E+01   7.3599000000E+01   8.9403000000E+01
129  -1.3698000000E+01  -1.1055000000E+01  -7.5260000000E+00  -6.4100000000E+00  -8.2400000000E-01  -3.8200000000E-01   2.6910000000E+00   4.0240000000E+00   4.4690000000E+00   9.8450000000E+00   1.3995000000E+01   2.1814000000E+01   2.8259000000E+01   3.4049000000E+01   3.7614000000E+01   4.9369000000E+01   7.6575000000E+01   9.1803000000E+01
130  -1.3824000000E+01  -1.0991000000E+01  -7.3400000000E+00  -6.2540000000E+00  -1.0390000000E+00  -4.2700000000E-01   2.0200000000E+00   4.5310000000E+00   4.9710000000E+00   9.7340000000E+00   1.3865000000E+01   2.0309000000E+01   2.7091000000E+01   3.4094000000E+01   3.9744000000E+01   5.0826000000E+01   7.9948000000E+01   9.3971000000E+01
131  -1.3936000000E+01  -1.0946000000E+01  -7.1190000000E+00  -6.1090000000E+00  -1.2640000000E+00  -4.5100000000E-01   1.4200000000E+00   5.0590000000E+00   5.4890000000E+00   9.6240000000E+00   1.3713000000E+01   1.8869000000E+01   2.6007000000E+01   3.3321000000E+01   4.2827000000E+01   5.2227000000E+01   8.3586000000E+01   9.5879000000E+01
132  -1.4033000000E+01  -1.0916000000E+01  -6.8710000000E+00  -5.9770000000E+00  -1.5060000000E+00  -4.5600000000E-01   9.0200000000E-01   5.5990000000E+00   6.0140000000E+00   9.5260000000E+00   1.3532000000E+01   1.7520000000E+01   2.5025000000E+01   3.2447000000E+01   4.6063000000E+01   5.3547000000E+01   8.7341000000E+01   9.7508000000E+01
133  -1.4116000000E+01  -1.0898000000E+01  -6.6030000000E+00  -5.8610000000E+00  -1.7720000000E+00  -4.4700000000E-01   4.7700000000E-01   6.1400000000E+00   6.5340000000E+00   9.4580000000E+00   1.3319000000E+01   1.6276000000E+01   2.4164000000E+01   3.1624000000E+01   4.9196000000E+01   5.4755000000E+01   9.1036000000E+01   9.8852000000E+01
134  -1.4183000000E+01  -1.0888000000E+01  -6.3260000000E+00  -5.7630000000E+00  -2.0600000000E+00  -4.2800000000E-01   1.4800000000E-01   6.6660000000E+00   7.0230000000E+00   9.4450000000E+00   1.3077000000E+01   1.5144000000E+01   2.3439000000E+01   3.0907000000E+01   5.2054000000E+01   5.5815000000E+01   9.4473000000E+01   9.9917000000E+01
135  -1.4236000000E+01  -1.0883000000E+01  -6.0560000000E+00  -5.6850000000E+00  -2.3530000000E+00  -4.0500000000E-01  -8.9000000000E-02   7.1510000000E+00   7.4400000000E+00   9.5270000000E+00   1.2821000000E+01   1.4133000000E+01   2.2863000000E+01   3.0326000000E+01   5.4479000000E+01   5.6690000000E+01   9.7442000000E+01   1.0071600000E+02
136  -1.4273000000E+01  -1.0881000000E+01  -5.8180000000E+00  -5.6280000000E+00  -2.6180000000E+00  -3.8300000000E-01  -2.4500000000E-01   7.5590000000E+00   7.7350000000E+00   9.7310000000E+00   1.2581000000E+01   1.3266000000E+01   2.2447000000E+01   2.9898000000E+01   5.6331000000E+01   5.7345000000E+01   9.9740000000E+01   1.0126700000E+02
137  -1.4295000000E+01  -1.0880000000E+01  -5.6460000000E+00  -5.5940000000E+00  -2.8110000000E+00  -3.6800000000E-01  -3.3400000000E-01   7.8400000000E+00   7.8940000000E+00   1.0010000000E+01   1.2403000000E+01   1.2608000000E+01   2.2195000000E+01   2.9637000000E+01   5.7493000000E+01   5.7751000000E+01   1.0119600000E+02   1.0158900000E+02
138  -1.4303000000E+01  -1.0880000000E+01  -5.5830000000E+00  -5.5830000000E+00  -2.8820000000E+00  -3.6200000000E-01  -3.6200000000E-01   7.9410000000E+00   7.9410000000E+00   1.0161000000E+01   1.2336000000E+01   1.2336000000E+01   2.2111000000E+01   2.9549000000E+01   5.7889000000E+01   5.7889000000E+01   1.0169500000E+02   1.0169500000E+02
139  -1.4303000000E+01  -1.0880000000E+01  -5.5830000000E+00  -5.5830000000E+00  -2.8820000000E+00  -3.6200000000E-01  -3.6200000000E-01   7.9410000000E+00   7.9410000000E+00   1.0161000000E+01   1.2336000000E+01   1.2336000000E+01   2.2111000000E+01   2.9549000000E+01   5.7889000000E+01   5.7889000000E+01   1.0169500000E+02   1.0169500000E+02
140  -1.4296000000E+01  -1.0880000000E+01  -5.6440000000E+00  -5.5940000000E+00  -2.8130000000E+00  -3.6700000000E-01  -3.3500000000E-01   7.8410000000E+00   7.8980000000E+00   1.0014000000E+01   1.2402000000E+01   1.2597000000E+01   2.2192000000E+01   2.9634000000E+01   5.7507000000E+01   5.7756000000E+01   1.0121400000E+02   1.0159300000E+02
141  -1.4274000000E+01  -1.0881000000E+01  -5.8110000000E+00  -5.6260000000E+00  -2.6270000000E+00  -3.7700000000E-01  -2.5400000000E-01   7.5460000000E+00   7.7760000000E+00   9.7300000000E+00   1.2592000000E+01   1.3223000000E+01   2.2435000000E+01   2.9885000000E+01   5.6386000000E+01   5.7365000000E+01   9.9803000000E+01   1.0129000000E+02
142  -1.4238000000E+01  -1.0883000000E+01  -6.0450000000E+00  -5.6770000000E+00  -2.3740000000E+00  -3.7700000000E-01  -1.2200000000E-01   7.0850000000E+00   7.5950000000E+00   9.4610000000E+00   1.2887000000E+01   1.4031000000E+01   2.2836000000E+01   3.0298000000E+01   5.4595000000E+01   5.6735000000E+01   9.7556000000E+01   1.0078800000E+02
143  -1.4188000000E+01  -1.0887000000E+01  -6.3130000000E+00  -5.7440000000E+00  -2.1110000000E+00  -3.3300000000E-01   5.9000000000E-02   6.5170000000E+00   7.3740000000E+00   9.2260000000E+00   1.3264000000E+01   1.4947000000E+01   2.3392000000E+01   3.0861000000E+01   5.2238000000E+01   5.5898000000E+01   9.4616000000E+01   1.0009500000E+02
144  -1.4123000000E+01  -1.0897000000E+01  -6.5920000000E+00  -5.8230000000E+00  -1.9010000000E+00  -1.9800000000E-01   2.8600000000E-01   5.8990000000E+00   7.1320000000E+00   9.0020000000E+00   1.3702000000E+01   1.5943000000E+01   2.4095000000E+01   3.1560000000E+01   4.9440000000E+01   5.4894000000E+01   9.1155000000E+01   9.9224000000E+01
145  -1.4043000000E+01  -1.0914000000E+01  -6.8670000000E+00  -5.9100000000E+00  -1.7900000000E+00   6.8000000000E-02   5.5500000000E-01   5.2650000000E+00   6.8830000000E+00   8.7680000000E+00   1.4186000000E+01   1.7005000000E+01   2.4939000000E+01   3.2375000000E+01   4.6334000000E+01   5.3773000000E+01   8.7362000000E+01   9.8195000000E+01
146  -1.3950000000E+01  -1.0942000000E+01  -7.1270000000E+00  -6.0020000000E+00  -1.7770000000E+00   4.6300000000E-01   8.6300000000E-01   4.6370000000E+00   6.6350000000E+00   8.5170000000E+00   1.4700000000E+01   1.8116000000E+01   2.5918000000E+01   3.3275000000E+01   4.3049000000E+01   5.2591000000E+01   8.3421000000E+01   9.7034000000E+01
147  -1.3843000000E+01  -1.0985000000E+01  -7.3630000000E+00  -6.0960000000E+00  -1.8270000000E+00   9.5400000000E-01   1.2070000000E+00   4.0290000000E+00   6.3960000000E+00   8.2470000000E+00   1.5234000000E+01   1.9257000000E+01   2.7032000000E+01   3.4214000000E+01   3.9701000000E+01   5.1416000000E+01   7.9504000000E+01   9.5772000000E+01
148  -1.3722000000E+01  -1.1046000000E+01  -7.5670000000E+00  -6.1880000000E+00  -1.9110000000E+00   1.5130000000E+00   1.5870000000E+00   3.4480000000E+00   6.1690000000E+00   7.9630000000E+00   1.5775000000E+01   2.0396000000E+01   2.8283000000E+01   3.5121000000E+01   3.6390000000E+01   5.0331000000E+01   7.5768000000E+01   9.4440000000E+01
149  -1.3590000000E+01  -1.1129000000E+01  -7.7350000000E+00  -6.2780000000E+00  -2.0090000000E+00   1.9990000000E+00   2.1040000000E+00   2.9170000000E+00   5.9590000000E+00   7.6690000000E+00   1.6313000000E+01   2.1500000000E+01   2.9666000000E+01   3.3196000000E+01   3.5898000000E+01   4.9442000000E+01   7.2352000000E+01   9.3071000000E+01
150  -1.3447000000E+01  -1.1235000000E+01  -7.8620000000E+00  -6.3620000000E+00  -2.1110000000E+00   2.2700000000E+00   2.4420000000E+00   2.8860000000E+00   5.7710000000E+00   7.3720000000E+00   1.6831000000E+01   2.2530000000E+01   3.0184000000E+01   3.1149000000E+01   3.6434000000E+01   4.8868000000E+01   6.9391000000E+01   9.1699000000E+01
151  -1.3297000000E+01  -1.1361000000E+01  -7.9470000000E+00  -6.4400000000E+00  -2.2100000000E+00   1.8170000000E+00   2.9100000000E+00   3.5420000000E+00   5.6100000000E+00   7.0800000000E+00   1.7306000000E+01   2.3456000000E+01   2.7406000000E+01   3.2596000000E+01   3.6722000000E+01   4.8688000000E+01   6.7020000000E+01   9.0351000000E+01
152  -1.3146000000E+01  -1.1500000000E+01  -7.9910000000E+00  -6.5100000000E+00  -2.3000000000E+00   1.3580000000E+00   3.3930000000E+00   4.2590000000E+00   5.4900000000E+00   6.8090000000E+00   1.7695000000E+01   2.4250000000E+01   2.4920000000E+01   3.3569000000E+01   3.7133000000E+01   4.8866000000E+01   6.5386000000E+01   8.9057000000E+01
153  -1.3005000000E+01  -1.1638000000E+01  -7.9970000000E+00  -6.5710000000E+00  -2.3790000000E+00   9.2600000000E-01   3.8600000000E+00   4.9660000000E+00   5.4430000000E+00   6.5960000000E+00   1.7890000000E+01   2.2837000000E+01   2.4877000000E+01   3.3519000000E+01   3.8244000000E+01   4.9263000000E+01   6.4627000000E+01   8.7840000000E+01
154  -1.2898000000E+01  -1.1748000000E+01  -7.9700000000E+00  -6.6230000000E+00  -2.4460000000E+00   5.2500000000E-01   4.2320000000E+00   5.4930000000E+00   5.5500000000E+00   6.6090000000E+00   1.7628000000E+01   2.1411000000E+01   2.5272000000E+01   3.2808000000E+01   3.9750000000E+01   4.9784000000E+01   6.4814000000E+01   8.6721000000E+01
155  -1.2898000000E+01  -1.1748000000E+01  -7.9700000000E+00  -6.6230000000E+00  -2.4460000000E+00   5.2500000000E-01   4.2320000000E+00   5.4930000000E+00   5.5500000000E+00   6.6090000000E+00   1.7628000000E+01   2.1411000000E+01   2.5272000000E+01   3.2808000000E+01   3.9750000000E+01   4.9784000000E+01   6.4814000000E+01   8.6721000000E+01
156  -1.2777000000E+01  -1.1877000000E+01  -7.8860000000E+00  -6.6980000000E+00  -2.5420000000E+00  -9.6000000000E-02   4.7210000000E+00   5.9340000000E+00   6.0160000000E+00   7.0300000000E+00   1.6634000000E+01   1.9824000000E+01   2.5598000000E+01   3.1464000000E+01   4.2236000000E+01   5.0766000000E+01   6.6151000000E+01   8.5052000000E+01
157  -1.2673000000E+01  -1.1991000000E+01  -7.7770000000E+00  -6.7640000000E+00  -2.6290000000E+00  -6.7100000000E-01   5.2390000000E+00   6.3400000000E+00   6.5480000000E+00   7.4440000000E+00   1.5689000000E+01   1.8331000000E+01   2.5764000000E+01   3.0193000000E+01   4.4667000000E+01   5.1701000000E+01   6.7920000000E+01   8.3587000000E+01
158  -1.2586000000E+01  -1.2091000000E+01  -7.6470000000E+00  -6.8230000000E+00  -2.7040000000E+00  -1.1970000000E+00   5.7890000000E+00   6.7650000000E+00   7.0780000000E+00   7.8390000000E+00   1.4797000000E+01   1.6936000000E+01   2.5792000000E+01   2.9011000000E+01   4.7008000000E+01   5.2562000000E+01   6.9980000000E+01   8.2324000000E+01
159  -1.2515000000E+01  -1.2175000000E+01  -7.5040000000E+00  -6.8720000000E+00  -2.7690000000E+00  -1.6710000000E+00   6.3710000000E+00   7.2080000000E+00   7.5910000000E+00   8.2050000000E+00   1.3962000000E+01   1.5638000000E+01   2.5715000000E+01   2.7939000000E+01   4.9205000000E+01   5.3330000000E+01   7.2160000000E+01   8.1262000000E+01
160  -1.2460000000E+01  -1.2244000000E+01  -7.3550000000E+00  -6.9120000000E+00  -2.8230000000E+00  -2.0860000000E+00   6.9850000000E+00   7.6640000000E+00   8.0660000000E+00   8.5310000000E+00   1.3188000000E+01   1.4439000000E+01   2.5577000000E+01   2.7000000000E+01   5.1184000000E+01   5.3984000000E+01   7.4276000000E+01   8.0398000000E+01
161  -1.2418000000E+01  -1.2298000000E+01  -7.2140000000E+00  -6.9440000000E+00  -2.8650000000E+00  -2.4320000000E+00   7.6270000000E+00   8.1240000000E+00   8.4800000000E+00   8.8020000000E+00   1.2483000000E+01   1.3343000000E+01   2.5419000000E+01   2.6223000000E+01   5.2856000000E+01   5.4509000000E+01   7.6149000000E+01   7.9730000000E+01
162  -1.2390000000E+01  -1.2337000000E+01  -7.0950000000E+00  -6.9670000000E+00  -2.8950000000E+00  -2.6950000000E+00   8.2810000000E+00   8.5650000000E+00   8.8040000000E+00   9.0060000000E+00   1.1869000000E+01   1.2366000000E+01   2.5277000000E+01   2.5637000000E+01   5.4132000000E+01   5.4894000000E+01   7.7617000000E+01   7.9255000000E+01
163  -1.2373000000E+01  -1.2360000000E+01  -7.0140000000E+00  -6.9800000000E+00  -2.9130000000E+00  -2.8620000000E+00   8.8790000000E+00   8.9290000000E+00   9.0120000000E+00   9.1340000000E+00   1.1402000000E+01   1.1574000000E+01   2.5180000000E+01   2.5271000000E+01   5.4933000000E+01   5.5128000000E+01   7.8554000000E+01   7.8970000000E+01
164  -1.2368000000E+01  -1.2368000000E+01  -6.9850000000E+00  -6.9850000000E+00  -2.9190000000E+00  -2.9190000000E+00   9.0840000000E+00   9.0840000000E+00   9.1770000000E+00   9.1770000000E+00   1.1212000000E+01   1.1212000000E+01   2.5146000000E+01   2.5146000000E+01   5.5207000000E+01   5.5207000000E+01   7.8876000000E+01   7.8876000000E+01
